#	Temperature (K)	   Magnetization		C_v	
      0.010000631849      0.416149642627	0.534903952082E+06
      2.102014697255      0.430103576361	0.211651531558E+02
      4.194028762661      0.435751021483	0.164153910954E+01
      6.286042828066      0.433955280023	0.145936920562E+01
      8.378056893472      0.434472075566	0.161824922927E+01
     10.470070958878      0.433317006023	0.983139704433E+00
     12.562085024284      0.431881357787	0.157133757815E+01
     14.654099089690      0.429700479159	0.944874500043E+00
     16.746113155096      0.430315666161	0.958021026941E+00
     18.838127220502      0.427624990465	0.102205078961E+01
     20.930141285908      0.427701777801	0.936502007903E+00
     23.022155351314      0.425879306549	0.148793880367E+01
     25.114169416720      0.424514458486	0.106045325803E+01
     27.206183482126      0.423390553330	0.101182668197E+01
     29.298197547532      0.422046228538	0.992172856884E+00
     31.390211612938      0.420579934785	0.954406769152E+00
     33.482225678343      0.419476593542	0.943952119657E+00
     35.574239743749      0.418146695183	0.932678469219E+00
     37.666253809155      0.416787956038	0.952759946015E+00
     39.758267874561      0.415342894671	0.913151237657E+00
     41.850281939967      0.414006705108	0.984796586628E+00
     43.942296005373      0.412621140607	0.943696007974E+00
     46.034310070779      0.411156969909	0.945081432712E+00
     48.126324136185      0.409849245403	0.100220728863E+01
     50.218338201591      0.408514221260	0.977268461255E+00
     52.310352266997      0.406920539400	0.981960112211E+00
     54.402366332403      0.405594240315	0.956519186357E+00
     56.494380397809      0.404406925371	0.936608659375E+00
     58.586394463214      0.402861327240	0.961296516110E+00
     60.678408528620      0.401381134787	0.979203087382E+00
     62.770422594026      0.400048707958	0.973482032570E+00
     64.862436659432      0.398854967204	0.935277981346E+00
     66.954450724838      0.397368197015	0.948549744440E+00
     69.046464790244      0.396223494071	0.956551204555E+00
     71.138478855650      0.394882818222	0.952290172212E+00
     73.230492921056      0.393535450341	0.953026540108E+00
     75.322506986462      0.392105950742	0.977096253863E+00
     77.414521051868      0.390787510303	0.970500770340E+00
     79.506535117274      0.389202507024	0.992273934700E+00
     81.598549182680      0.387638792102	0.957646517671E+00
     83.690563248086      0.386269495920	0.962755825616E+00
     85.782577313492      0.385178975929	0.979725822403E+00
     87.874591378897      0.383766000323	0.958848537855E+00
     89.966605444303      0.382349614531	0.950112524314E+00
     92.058619509709      0.381098858092	0.979391784292E+00
     94.150633575115      0.379755720452	0.965292886879E+00
     96.242647640521      0.378227976622	0.977653509356E+00
     98.334661705927      0.376908893461	0.963323736720E+00
    100.426675771333      0.375325469759	0.976448499793E+00
    102.518689836739      0.373832604608	0.974139077520E+00
    104.610703902145      0.372509999405	0.981213446274E+00
    106.702717967551      0.371273976096	0.967745970374E+00
    108.794732032957      0.369748320434	0.969990362026E+00
    110.886746098363      0.368506727335	0.963589742866E+00
    112.978760163768      0.367180960760	0.982662222556E+00
    115.070774229174      0.365644157700	0.976572020440E+00
    117.162788294580      0.364398061021	0.980909055684E+00
    119.254802359986      0.363110727541	0.988887072096E+00
    121.346816425392      0.361512132822	0.963376365349E+00
    123.438830490798      0.360005870073	0.976139905605E+00
    125.530844556204      0.358710071121	0.101179367300E+01
    127.622858621610      0.357222479897	0.968912177531E+00
    129.714872687016      0.355973654865	0.983398408291E+00
    131.806886752422      0.354577655116	0.972699642174E+00
    133.898900817828      0.353317062616	0.964850455794E+00
    135.990914883234      0.351617412221	0.995886568232E+00
    138.082928948640      0.350212535461	0.992188513015E+00
    140.174943014045      0.348774175529	0.100718432662E+01
    142.266957079451      0.347251322786	0.950905035581E+00
    144.358971144857      0.345924705979	0.101528130100E+01
    146.450985210263      0.344297422595	0.993321923000E+00
    148.542999275669      0.342875742922	0.102990925612E+01
    150.635013341075      0.341289697741	0.974875778152E+00
    152.727027406481      0.339955336389	0.984710402517E+00
    154.819041471887      0.338188130569	0.991768416983E+00
    156.911055537293      0.336491858294	0.997234713346E+00
    159.003069602699      0.335504298770	0.976377192773E+00
    161.095083668105      0.333845498702	0.100622434945E+01
    163.187097733511      0.332294971657	0.102349226729E+01
    165.279111798916      0.330876044110	0.992755059219E+00
    167.371125864322      0.329431852923	0.101331623323E+01
    169.463139929728      0.327793448988	0.100088472375E+01
    171.555153995134      0.326208453609	0.102741675139E+01
    173.647168060540      0.324878899354	0.100891826715E+01
    175.739182125946      0.323560329460	0.990672422974E+00
    177.831196191352      0.321870452801	0.101186423112E+01
    179.923210256758      0.320232061839	0.103999886810E+01
    182.015224322164      0.318800186311	0.100377658865E+01
    184.107238387570      0.317039641018	0.995516340585E+00
    186.199252452976      0.315330339071	0.103908057433E+01
    188.291266518382      0.313836541602	0.998042989615E+00
    190.383280583788      0.312496575936	0.100401303321E+01
    192.475294649193      0.311049083439	0.101855084076E+01
    194.567308714599      0.309032071761	0.102507611167E+01
    196.659322780005      0.307392648189	0.104763833972E+01
    198.751336845411      0.305731885274	0.104960192799E+01
    200.843350910817      0.304381024417	0.105037038814E+01
    202.935364976223      0.302679375232	0.100975973918E+01
    205.027379041629      0.300981548011	0.102846916118E+01
    207.119393107035      0.299155049776	0.105401406847E+01
    209.211407172441      0.297373247237	0.102608279192E+01
    211.303421237847      0.295727496925	0.105187702753E+01
    213.395435303253      0.294167531079	0.103635343588E+01
    215.487449368659      0.292617690033	0.102261374516E+01
    217.579463434065      0.290701914596	0.108066395694E+01
    219.671477499470      0.289074595323	0.105383372224E+01
    221.763491564876      0.287140269660	0.105864594671E+01
    223.855505630282      0.285518975596	0.105774165005E+01
    225.947519695688      0.283855598249	0.103915214455E+01
    228.039533761094      0.282638507667	0.105587345568E+01
    230.131547826500      0.280565691080	0.106618927638E+01
    232.223561891906      0.278733573703	0.107781267996E+01
    234.315575957312      0.276551637727	0.108040829137E+01
    236.407590022718      0.274915105497	0.105775274624E+01
    238.499604088124      0.272717102812	0.109091519290E+01
    240.591618153530      0.270933684080	0.106054543890E+01
    242.683632218936      0.269111981812	0.109320180180E+01
    244.775646284341      0.266956039875	0.112290465228E+01
    246.867660349747      0.265305103356	0.106244653114E+01
    248.959674415153      0.262866578040	0.110034437165E+01
    251.051688480559      0.260986891283	0.108539554808E+01
    253.143702545965      0.259168073426	0.111290008670E+01
    255.235716611371      0.257317582561	0.112867337669E+01
    257.327730676777      0.255133430572	0.110816858188E+01
    259.419744742183      0.252666698076	0.112762335547E+01
    261.511758807589      0.250235061694	0.112399941920E+01
    263.603772872995      0.248394105292	0.114416785642E+01
    265.695786938401      0.246196281143	0.113617296436E+01
    267.787801003807      0.243928401390	0.114552261577E+01
    269.879815069213      0.241724676079	0.115287132708E+01
    271.971829134618      0.239077715536	0.113247110690E+01
    274.063843200024      0.236922646670	0.111208675278E+01
    276.155857265430      0.234563401383	0.118423612278E+01
    278.247871330836      0.232416120282	0.115001411904E+01
    280.339885396242      0.230221259620	0.117555381584E+01
    282.431899461648      0.227325685024	0.117334667068E+01
    284.523913527054      0.224856992655	0.117233634964E+01
    286.615927592460      0.222343231049	0.121331335384E+01
    288.707941657866      0.220112595474	0.118723486142E+01
    290.799955723272      0.217207175225	0.120493302803E+01
    292.891969788678      0.214672850277	0.125182664797E+01
    294.983983854084      0.211260368771	0.120798616609E+01
    297.075997919490      0.208113430271	0.122406834544E+01
    299.168011984895      0.204177285131	0.121587991959E+01
    301.260026050301      0.200699308151	0.124068537953E+01
    303.352040115707      0.197386884758	0.128556993571E+01
    305.444054181113      0.193293165833	0.122927421615E+01
    307.536068246519      0.190513428427	0.130784275170E+01
    309.628082311925      0.186841512559	0.128027378397E+01
    311.720096377331      0.182129145776	0.133458015674E+01
    313.812110442737      0.178404153991	0.128816901592E+01
    315.904124508143      0.174079630956	0.133289780328E+01
    317.996138573549      0.169883302171	0.133052776767E+01
    320.088152638955      0.164456033072	0.132530918612E+01
    322.180166704361      0.158758535455	0.133804746735E+01
    324.272180769766      0.153645354640	0.137990124737E+01
    326.364194835172      0.148854545914	0.138313935596E+01
    328.456208900578      0.144243162795	0.133081068168E+01
    330.548222965984      0.139235743117	0.142453037136E+01
    332.640237031390      0.131250017519	0.135525658196E+01
    334.732251096796      0.125882635211	0.133730448905E+01
    336.824265162202      0.119780598768	0.134278591615E+01
    338.916279227608      0.112621062702	0.134659290554E+01
    341.008293293014      0.107376687772	0.132911230073E+01
    343.100307358420      0.101306014934	0.127705283678E+01
    345.192321423826      0.095663769364	0.123471512124E+01
    347.284335489232      0.091558163069	0.120689190721E+01
    349.376349554638      0.087724138173	0.117284210333E+01
    351.468363620043      0.083367417443	0.118229456730E+01
    353.560377685449      0.078803628832	0.113726423965E+01
    355.652391750855      0.075074992067	0.112500117075E+01
    357.744405816261      0.071798782166	0.114393291892E+01
    359.836419881667      0.067696334853	0.110178107813E+01
    361.928433947073      0.065114930497	0.108311455065E+01
    364.020448012479      0.064270725980	0.108169833534E+01
    366.112462077885      0.061861300506	0.106908634532E+01
    368.204476143291      0.060136196824	0.103705076324E+01
    370.296490208697      0.057232951880	0.102233503670E+01
    372.388504274103      0.055781785031	0.103405505823E+01
    374.480518339509      0.055195732985	0.102041590891E+01
    376.572532404915      0.053295296587	0.100020427995E+01
    378.664546470320      0.051700949880	0.100373560998E+01
    380.756560535726      0.049091314736	0.994512541259E+00
    382.848574601132      0.048618727967	0.983384607711E+00
    384.940588666538      0.047903788704	0.986764899410E+00
    387.032602731944      0.046399370660	0.973812659258E+00
    389.124616797350      0.044978336986	0.978364795965E+00
    391.216630862756      0.043921658399	0.951537129956E+00
    393.308644928162      0.043180285746	0.953676011762E+00
    395.400658993568      0.041999095360	0.929675468026E+00
    397.492673058974      0.041495190396	0.926210605965E+00
    399.584687124380      0.040645489471	0.913561504885E+00
    401.676701189786      0.040001945671	0.920392155942E+00
    403.768715255192      0.039190242036	0.927516016083E+00
    405.860729320597      0.039391164099	0.907219425960E+00
    407.952743386003      0.037324348663	0.900876072008E+00
    410.044757451409      0.037342735964	0.889776720098E+00
    412.136771516815      0.036449197790	0.886358338674E+00
    414.228785582221      0.035989205846	0.884705718485E+00
    416.320799647627      0.035183966083	0.868247468717E+00
    418.412813713033      0.034933432955	0.877316536074E+00
    420.504827778439      0.034413878176	0.862999635951E+00
    422.596841843845      0.034134085849	0.864906982874E+00
    424.688855909251      0.033972643871	0.869557919371E+00
    426.780869974657      0.033162934626	0.860760570768E+00
    428.872884040063      0.032416115336	0.864416148800E+00
    430.964898105469      0.031646014478	0.842038958071E+00
    433.056912170874      0.031420580704	0.843684915621E+00
    435.148926236280      0.031708729964	0.833072582912E+00
    437.240940301686      0.031198969293	0.827379015773E+00
    439.332954367092      0.031061073349	0.823887733824E+00
    441.424968432498      0.030556610688	0.814380354844E+00
    443.516982497904      0.029615514581	0.815828579117E+00
    445.608996563310      0.029187092562	0.828365911270E+00
    447.701010628716      0.029388205554	0.811831149133E+00
    449.793024694122      0.029193352199	0.810697616076E+00
    451.885038759528      0.028645328940	0.805453562304E+00
    453.977052824934      0.028838308381	0.791472320584E+00
    456.069066890340      0.028084310134	0.790034783332E+00
    458.161080955745      0.027739257728	0.795819305058E+00
    460.253095021151      0.027938432811	0.780213275663E+00
    462.345109086557      0.027557132628	0.790119814668E+00
    464.437123151963      0.026873951903	0.777035666014E+00
    466.529137217369      0.026641533714	0.770138538576E+00
    468.621151282775      0.026775107862	0.780931835846E+00
    470.713165348181      0.026414861060	0.762391548129E+00
    472.805179413587      0.026029156406	0.761393680160E+00
    474.897193478993      0.025845911740	0.754775258517E+00
    476.989207544399      0.025936464278	0.752622218314E+00
    479.081221609805      0.025619338914	0.744151690523E+00
    481.173235675211      0.025281223974	0.744625183075E+00
    483.265249740617      0.025270701793	0.751967349177E+00
    485.357263806022      0.025143429415	0.736864870551E+00
    487.449277871428      0.024547811027	0.743774942482E+00
    489.541291936834      0.024404159309	0.726349428649E+00
    491.633306002240      0.024517286904	0.722414436799E+00
    493.725320067646      0.024103950437	0.738540749409E+00
    495.817334133052      0.023788853019	0.725695235555E+00
    497.909348198458      0.023821787766	0.711882059530E+00
    500.001362263864      0.023736307108	0.720016182001E+00
